[cosmological_parameters]
omch2 = 0.051    0.11812972217650827    0.255
ombh2 = 0.019    0.025939374402978773    0.026
h0 = 0.64    0.7666550530735352    0.82
n_s = 0.84    0.9007697522848085    1.1
s_8_input = 0.1    0.7567464875805479    1.3

omega_k = 0.0
w = -1.0
wa = 0.0

mnu = 0.06 ; 0.06 fiducial mass of the neutrino in eV

tau = 0.0697186

[nofz_shifts]
uncorr_bias_1 = -5.0   0.000  5.0
uncorr_bias_2 = -5.0  -0.181  5.0
uncorr_bias_3 = -5.0  -1.110  5.0
uncorr_bias_4 = -5.0  -1.395  5.0
uncorr_bias_5 = -5.0   1.265  5.0

[intrinsic_alignment_parameters]
a = -6.0 1.0 6.0

[halo_model_parameters]
logt_agn = 7.3 7.8 8.0
